
state={
	id=351
	name="STATE_351" # Vologda
	manpower = 2352100
	
	state_category = town

	local_supplies=0.0
	history={
		owner = SOV
		buildings = {
			infrastructure = 2
		}
		add_core_of = SOV
		
	}

	provinces={
		23 60 73 75 81 84 106 119 129 135 143 160 163 166 174 175 196 2996 3017 3056 3057 3066 3079 3087 3091 3099 3112 3124 3135 3154 3157 3160 3164 3167 3175 3186 6017 6073 6077 6091 6097 6110 6112 6113 6119 6158 6180 6182 6189 6190 6213 9043 9065 9102 9110 9113 9131 9133 9136 9168 9180 9199 9200 9202 9207 9210 9222 11027 11035 11036 11062 11075 11086 11095 11103 11107 11110 11143 11158 11168 11177 11180 11189 11192 11213 
	}
}
